26 82 136 145 157 158 161 161 171 183 203 218 227 247 249 251 253 266 
293 299 330 332 344 350 355 356 360 369 374 386 387 390 394 400 436 443 
458 462 469 470 489 507 511 519 520 567 567 569 573 581 593 595 604 621 
629 635 638 643 662 666 667 684 685 685 705 714 715 717 725 751 754 754 
812 815 816 820 824 840 843 863 880 880 883 892 911 915 920 921 928 931 
939 941 942 944 953 962 975 1013 1022 1029 1029 1052 1053 1065 1067 1072 1075 1096 
1104 1109 1112 1127 1127 1136 1137 1174 1186 1190 1197 1204 1225 1253 1266 1270 1272 1275 
1289 1296 1298 1302 1315 1351 1355 1396 1397 1398 1408 1409 1414 1425 1426 1429 1436 1438 
1439 1440 1459 1505 1517 1517 1519 1521 1529 1541 1544 1546 1572 1574 1576 1576 1584 1606 
1611 1616 1627 1660 1681 1682 1683 1687 1748 1767 1771 1771 1773 1783 1806 1818 1823 1839 
1841 1842 1843 1853 1863 1864 1908 1914 1915 1926 1941 1950 1959 2007 2009 2014 2027 2035 
2043 2051 2051 2057 2066 2069 2071 2077 2077 2109 2125 2126 2134 2150 2156 2192 2203 2204 
2207 2221 2236 2263 2275 2275 2293 2294 2313 2314 2314 2316 2328 2335 2358 2361 2375 2376 
2399 2427 2432 2433 2448 2451 2461 2465 2468 2471 2473 2492 2494 2501 2521 2560 2584 2594 
2597 2609 2612 2613 2617 2622 2629 2634 2654 2657 2657 2668 2676 2679 2702 2710 2719 2723 
2732 2739 2745 2748 2754 2756 2758 2788 2789 2789 2814 2835 2839 2844 2849 2850 2861 2896 
2898 2905 2912 2915 2915 2929 2950 2987 2987 3016 3024 3046 3050 3050 3050 3092 3113 3129 
3137 3138 3140 3141 3162 3196 3200 3202 3203 3209 3212 3242 3247 3263 3263 3270 3283 3291 
3294 3299 3316 3318 3333 3352 3359 3363 3374 3380 3389 3394 3405 3408 3415 3417 3425 3429 
3443 3445 3450 3452 3456 3458 3489 3499 3504 3513 3526 3528 3546 3549 3554 3580 3581 3587 
3593 3605 3650 3654 3654 3655 3655 3658 3682 3685 3700 3700 3703 3715 3744 3756 3778 3785 
3791 3795 3799 3835 3836 3840 3841 3869 3880 3890 3927 3936 3945 3946 3963 3965 3979 3979 
3992 3994 4001 4013 4049 4055 4063 4087 4111 4131 4140 4147 4155 4167 4186 4186 4218 4233 
4243 4248 4250 4275 4281 4286 4289 4291 4307 4316 4320 4332 4353 4360 4395 4399 4400 4412 
4432 4437 4437 4439 4448 4448 4450 4467 4469 4478 4480 4483 4520 4531 4533 4542 4544 4560 
4569 4570 4622 4657 4657 4671 4705 4722 4742 4744 4751 4759 4768 4780 4787 4788 4789 4803 
4804 4857 4890 4893 4895 4895 4905 4905 4911 4925 4927 4930 4936 4939 4940 4944 4950 4955 
4955 4962 4964 4983 4998 5000 5001 5020 5020 5043 5053 5054 5054 5057 5064 5077 5083 5093 
5103 5120 5121 5131 5133 5141 5147 5159 5196 5212 5214 5243 5248 5262 5266 5281 5282 5287 
5290 5292 5293 5324 5338 5341 5346 5353 5361 5371 5384 5396 5398 5400 5403 5404 5423 5454 
5476 5487 5511 5517 5521 5532 5545 5550 5569 5571 5580 5602 5616 5651 5653 5658 5670 5671 
5679 5681 5682 5696 5705 5706 5725 5728 5735 5743 5747 5751 5765 5767 5768 5796 5800 5809 
5812 5821 5821 5830 5841 5844 5848 5858 5863 5865 5870 5879 5885 5908 5916 5929 5932 5948 
5968 5973 5980 5981 6009 6027 6031 6039 6048 6051 6067 6070 6073 6074 6079 6108 6118 6123 
6130 6138 6140 6145 6160 6162 6164 6168 6168 6203 6208 6224 6232 6233 6240 6260 6289 6297 
6307 6311 6319 6326 6328 6346 6346 6352 6354 6357 6357 6362 6366 6372 6374 6378 6383 6386 
6388 6391 6401 6438 6538 6570 6573 6575 6585 6588 6597 6600 6631 6637 6649 6673 6675 6701 
6712 6717 6732 6766 6775 6777 6793 6806 6808 6821 6829 6829 6836 6839 6859 6866 6876 6889 
6898 6908 6919 6936 6950 6955 6979 6979 6982 6992 7002 7004 7008 7018 7032 7042 7044 7045 
7063 7076 7081 7089 7094 7121 7130 7136 7140 7145 7147 7152 7155 7157 7177 7191 7203 7222 
7237 7243 7243 7248 7254 7257 7261 7281 7295 7297 7298 7312 7317 7323 7325 7342 7352 7353 
7366 7367 7369 7373 7381 7396 7401 7407 7414 7416 7421 7437 7470 7477 7484 7491 7496 7498 
7504 7508 7518 7523 7524 7537 7554 7566 7571 7573 7584 7603 7605 7610 7612 7625 7642 7643 
7646 7651 7663 7669 7671 7673 7682 7697 7706 7706 7716 7716 7717 7723 7725 7738 7739 7777 
7787 7796 7800 7810 7818 7820 7844 7857 7863 7866 7870 7871 7880 7899 7907 7922 7930 7941 
7943 7949 7975 7977 7990 8001 8007 8017 8033 8034 8052 8077 8082 8092 8098 8122 8128 8181 
8183 8192 8196 8203 8216 8217 8219 8223 8233 8251 8257 8297 8301 8305 8309 8310 8313 8316 
8335 8340 8371 8375 8379 8393 8395 8396 8398 8399 8417 8451 8453 8459 8473 8488 8489 8532 
8532 8535 8536 8540 8540 8558 8565 8578 8583 8583 8620 8623 8634 8644 8656 8662 8667 8679 
8699 8701 8713 8726 8740 8743 8759 8784 8789 8793 8796 8813 8826 8831 8834 8842 8851 8917 
8922 8936 8946 8958 8967 8976 8976 8986 8991 9001 9042 9048 9061 9062 9063 9069 9085 9090 
9112 9120 9125 9130 9138 9157 9163 9170 9191 9195 9199 9255 9260 9267 9287 9288 9303 9317 
9317 9323 9334 9340 9344 9347 9350 9361 9367 9372 9389 9397 9405 9424 9443 9455 9491 9492 
9500 9508 9522 9529 9533 9549 9562 9571 9572 9593 9614 9630 9631 9642 9646 9658 9658 9661 
9666 9719 9738 9739 9741 9751 9758 9763 9767 9769 9798 9810 9810 9822 9825 9828 9834 9867 
9876 9894 9910 9926 9957 9967 9976 9977 9979 9992 